           4
 6        0.0020787070        0.0007351195        0.5775634707 -0.1041260836E+01
 1        1.8585250902       -0.4267872047       -0.1990056204  0.1375526402E-01
 1       -1.2999046757       -1.3972978907       -0.1858001138  0.1374430777E-01
 1       -0.5606991215        1.8233499760       -0.1927577365  0.1376126394E-01
    4    1.23373628    0.00437470   -0.24762350   -3.97292065
 1       -0.8698024750       -0.9354751110        0.0873549730
 1       -0.3748011589        1.2213547230        0.0827140957
 1        1.2454185486       -0.2855846882        0.0785545930
 2        0.0045550130        0.0015826962        1.2345850468
  0.971856  0.009379  0.009384  0.009381
  0.110019  0.296677  0.296659  0.296644
