           4
 6        0.0002547488       -0.0003506792        0.0018267248  0.3311112736E+00
 1        2.0031239751       -0.4617452302        0.0132886729  0.2229994797E+00
 1       -1.4019993234       -1.5029051432       -0.0223067216  0.2229757947E+00
 1       -0.6013794005        1.9650010527        0.0072102211  0.2229134519E+00
    3    0.00087776   -0.55952858   -0.67984636   -3.22256877
 1        1.2096282244       -0.2791421115        0.0091570411
 1       -0.8462898731       -0.9078725576       -0.0123352064
 1       -0.3629600704        1.1865090132        0.0054893154
  0.593875  0.135380  0.135377  0.135368
  0.999999  0.000000  0.000000  0.000000
